# Created by Octave 3.8.1, Mon Jul 27 11:21:50 2015 CEST <torbjorr@R3-S6>
# name: lambda_tab
# type: matrix
# rows: 27
# columns: 10
 15000000 500 10000 NaN NaN NaN NaN NaN NaN 0.00441227473960107
 15000000 500 20000 NaN NaN NaN NaN NaN NaN 0.00441735441674415
 15000000 500 50000 NaN NaN NaN NaN NaN NaN 0.00441404574864199
 15000000 1000 10000 NaN NaN NaN NaN NaN NaN 0.00441069466109676
 15000000 1000 20000 NaN NaN NaN NaN NaN NaN 0.00441639721158071
 15000000 1000 50000 NaN NaN NaN NaN NaN NaN 0.00439158255728742
 15000000 2000 10000 NaN NaN NaN NaN NaN NaN 0.00439476161078583
 15000000 2000 20000 NaN NaN NaN NaN NaN NaN 0.00440415648207915
 15000000 2000 50000 NaN NaN NaN NaN NaN NaN 0.00439265404199693
 22000000 500 10000 NaN NaN NaN NaN NaN NaN 0.00301663389456534
 22000000 500 20000 NaN NaN NaN NaN NaN NaN 0.00301790918713673
 22000000 500 50000 NaN NaN NaN NaN NaN NaN 0.0030147743362157
 22000000 1000 10000 NaN NaN NaN NaN NaN NaN 0.00301252750080874
 22000000 1000 20000 NaN NaN NaN NaN NaN NaN 0.00302805057731388
 22000000 1000 50000 NaN NaN NaN NaN NaN NaN 0.0030204533881976
 22000000 2000 10000 NaN NaN NaN NaN NaN NaN 0.00301558091453844
 22000000 2000 20000 NaN NaN NaN NaN NaN NaN 0.00300960824148995
 22000000 2000 50000 NaN NaN NaN NaN NaN NaN 0.00299268149210072
 33000000 500 10000 NaN NaN NaN NaN NaN NaN 0.00201634531407915
 33000000 500 20000 NaN NaN NaN NaN NaN NaN 0.00201487693831194
 33000000 500 50000 NaN NaN NaN NaN NaN NaN 0.00202570218147837
 33000000 1000 10000 NaN NaN NaN NaN NaN NaN 0.00201837064367228
 33000000 1000 20000 NaN NaN NaN NaN NaN NaN 0.002019475086377
 33000000 1000 50000 NaN NaN NaN NaN NaN NaN 0.00200496222914316
 33000000 2000 10000 NaN NaN NaN NaN NaN NaN 0.00200386651100336
 33000000 2000 20000 NaN NaN NaN NaN NaN NaN 0.00200779676172059
 33000000 2000 50000 NaN NaN NaN NaN NaN NaN 0.00199910902511021


